77 35.9793  2009   9  29   46865.70  13   1    5.70   5.40  0.180  0.186   3135  33845s    35.630  -120.190  25.00    30
79 37.1225  2009   9  29   46900.80  13   1   40.80   6.89  0.230  0.269   3135  58459s    35.620  -120.185  25.75    30
79 37.1225  2009   9  29   46918.35  13   1   58.35   5.68  0.203  0.233   3135  58459s    35.620  -120.185  25.75    28
85 48.2982  2009   9  29   47721.90  13  15   21.90   4.91  0.164  0.131   3135  44437s    35.540  -120.110  26.50    30
87 51.1798  2009   9  29   50763.45  14   6    3.45   4.84  0.161  0.164   3135  6196ss    35.660  -120.215  22.75    30
87 51.1798  2009   9  29   59892.80  16  38   12.80   6.40  0.213  0.244   3135  33861s    35.530  -120.075  28.50    30
87 51.1798  2009   9  29   59934.55  16  38   54.55   5.95  0.198  0.182   3135  33861s    35.530  -120.075  28.50    30
79 37.1225  2009   9  29   59954.65  16  39   14.65  12.22  0.407  0.423   3135  33861s    35.530  -120.075  28.50    30
79 37.1225  2009   9  29   61230.80  17   0   30.80   4.83  0.167  0.156   3135  58459s    35.620  -120.185  25.75    29
79 37.1225  2009   9  29   61242.90  17   0   42.90   5.70  0.197  0.216   3135  58459s    35.620  -120.185  25.75    29
79 37.1225  2009   9  29   61254.15  17   0   54.15   7.58  0.253  0.275   3135  58459s    35.620  -120.185  25.75    30
79 37.1225  2009   9  29   61259.95  17   0   59.95   8.01  0.267  0.261   3135  58459s    35.620  -120.185  25.75    30
79 37.1225  2009   9  29   61274.85  17   1   14.85   5.28  0.176  0.147   3135  58459s    35.620  -120.185  25.75    30
87 51.1798  2009   9  29   61284.65  17   1   24.65   5.89  0.196  0.205   3135  58459s    35.620  -120.185  25.75    30
27 -27.3982  2009   9  29   62929.80  17  28   49.80   5.51  0.184  0.173   3135  33861s    35.530  -120.075  28.50    30
27 -27.3982  2009   9  29   64918.65  18   1   58.65  12.52  0.417  0.449   3135  17268ss   36.085  -120.615  23.00    30
27 -27.3982  2009   9  29   64936.30  18   2   16.30   6.37  0.212  0.204   3135  17268ss   36.085  -120.615  23.00    30
26 -27.9771  2009   9  29   65012.80  18   3   32.80   6.69  0.223  0.222   3135  17268ss   36.085  -120.615  23.00    30
26 -27.9771  2009   9  29   65024.00  18   3   44.00   6.93  0.231  0.228   3135  45843s    36.085  -120.625  23.25    30
26 -27.9771  2009   9  29   65039.65  18   3   59.65   6.01  0.200  0.154   3135  45843s    36.085  -120.625  23.25    30
26 -27.9771  2009   9  29   65052.20  18   4   12.20  12.43  0.414  0.479   3135  45843s    36.085  -120.625  23.25    30
26 -27.9771  2009   9  29   65074.05  18   4   34.05   5.71  0.190  0.203   3135  45843s    36.085  -120.625  23.25    30
26 -27.9771  2009   9  29   65084.25  18   4   44.25   4.89  0.163  0.137   3135  45843s    36.085  -120.625  23.25    30
58 19.7804  2009   9  29   65096.25  18   4   56.25   5.31  0.177  0.188   3135  45843s    36.085  -120.625  23.25    30
58 19.7804  2009   9  29   65536.30  18  12   16.30   5.52  0.184  0.194   3135  54021s    35.735  -120.315  21.50    30
55 18.1953  2009   9  29   65566.20  18  12   46.20   5.20  0.173  0.183   3135  54021s    35.735  -120.315  21.50    30
62 24.8089  2009   9  29   65597.25  18  13   17.25  10.47  0.349  0.354   3135  8893ss    35.640  -120.220  27.00    30
54 17.7855  2009   9  29   65604.35  18  13   24.35   5.45  0.182  0.152   3135  58668s    35.740  -120.335  23.00    30
62 24.8089  2009   9  29   65608.50  18  13   28.50   5.69  0.190  0.143   3135  46177s    35.710  -120.265  23.00    30
62 24.8089  2009   9  29   65622.35  18  13   42.35   4.97  0.166  0.156   3135  34680s    35.755  -120.320  22.75    30
56 18.3485  2009   9  29   65629.85  18  13   49.85   6.91  0.230  0.185   3135  46177s    35.710  -120.265  23.00    30
58 19.7804  2009   9  29   65636.05  18  13   56.05   6.20  0.207  0.197   3135  46177s    35.710  -120.265  23.00    30
56 18.3485  2009   9  29   65659.35  18  14   19.35   5.65  0.188  0.203   3135  58755s    35.745  -120.325  22.00    30
62 24.8089  2009   9  29   65665.85  18  14   25.85   5.58  0.186  0.221   3135  54021s    35.735  -120.315  21.50    30
57 18.6381  2009   9  29   65673.25  18  14   33.25   6.10  0.203  0.206   3135  58755s    35.745  -120.325  22.00    30
57 18.6381  2009   9  29   65693.40  18  14   53.40   5.29  0.176  0.166   3135  46177s    35.710  -120.265  23.00    30
57 18.6381  2009   9  29   65718.90  18  15   18.90   5.95  0.198  0.177   3135  15157s    35.745  -120.320  19.75    30
57 18.6381  2009   9  29   65735.75  18  15   35.75   4.87  0.162  0.184   3135  15157s    35.745  -120.320  19.75    30
57 18.6381  2009   9  29   65743.90  18  15   43.90   5.58  0.186  0.196   3135  15157s    35.745  -120.320  19.75    30
57 18.6381  2009   9  29   65753.85  18  15   53.85   7.58  0.262  0.259   3135  15157s    35.745  -120.320  19.75    29
54 17.7855  2009   9  29   65763.70  18  16    3.70   7.18  0.239  0.255   3135  15157s    35.745  -120.320  19.75    30
49 14.3590  2009   9  29   65770.45  18  16   10.45   6.48  0.216  0.247   3135  15157s    35.745  -120.320  19.75    30
57 18.6381  2009   9  29   65779.05  18  16   19.05   4.98  0.166  0.146   3135  34680s    35.755  -120.320  22.75    30
49 14.3590  2009   9  29   65808.80  18  16   48.80   5.71  0.190  0.173   3135  45768s    35.785  -120.335  22.00    30
57 18.6381  2009   9  29   65814.75  18  16   54.75   5.10  0.170  0.148   3135  15157s    35.745  -120.320  19.75    30
54 17.7855  2009   9  29   65825.65  18  17    5.65   5.34  0.178  0.180   3135  45768s    35.785  -120.335  22.00    30
54 17.7855  2009   9  29   65836.35  18  17   16.35   6.46  0.215  0.228   3135  15157s    35.745  -120.320  19.75    30
57 18.6381  2009   9  29   65901.10  18  18   21.10   4.95  0.165  0.214   3135  34680s    35.755  -120.320  22.75    30
60 23.0871  2009   9  29   65915.15  18  18   35.15   7.49  0.250  0.290   3135  34680s    35.755  -120.320  22.75    30
60 23.0871  2009   9  29   65926.00  18  18   46.00   5.55  0.185  0.205   3135  15157s    35.745  -120.320  19.75    30
67 28.8162  2009   9  29   65945.20  18  19    5.20   7.63  0.254  0.305   3135  16160s    35.720  -120.280  22.25    30
60 23.0871  2009   9  29   65958.55  18  19   18.55   7.55  0.260  0.257   3135  16160s    35.720  -120.280  22.25    29
64 27.0942  2009   9  29   65975.80  18  19   35.80   4.85  0.167  0.158   3135  11612s    35.680  -120.240  24.00    29
64 27.0942  2009   9  29   65986.20  18  19   46.20   4.81  0.160  0.170   3135  16160s    35.720  -120.280  22.25    30
64 27.0942  2009   9  29   66000.55  18  20    0.55   6.10  0.203  0.223   3135  25879s    35.690  -120.255  22.50    30
63 26.6677  2009   9  29   66007.25  18  20    7.25  13.09  0.436  0.438   3135  25879s    35.690  -120.255  22.50    30
68 29.3798  2009   9  29   66017.15  18  20   17.15   6.79  0.226  0.217   3135  25879s    35.690  -120.255  22.50    30
68 29.3798  2009   9  29   66026.95  18  20   26.95   6.05  0.202  0.203   3135  25753s    35.695  -120.255  25.00    30
64 27.0942  2009   9  29   66039.05  18  20   39.05   6.85  0.228  0.280   3135  47706s    35.670  -120.245  22.50    30
68 29.3798  2009   9  29   66061.75  18  21    1.75   5.58  0.186  0.201   3135  47706s    35.670  -120.245  22.50    30
70 30.3857  2009   9  29   66088.40  18  21   28.40   5.63  0.188  0.197   3135  25879s    35.690  -120.255  22.50    30
70 30.3857  2009   9  29   66100.00  18  21   40.00   4.89  0.163  0.150   3135  47706s    35.670  -120.245  22.50    30
70 30.3857  2009   9  29   66144.10  18  22   24.10   7.09  0.236  0.240   3135  50672s    35.665  -120.235  25.00    30
70 30.3857  2009   9  29   66156.15  18  22   36.15   7.28  0.243  0.251   3135  8893ss    35.640  -120.220  27.00    30
70 30.3857  2009   9  29   66165.50  18  22   45.50   8.67  0.289  0.319   3135  50672s    35.665  -120.235  25.00    30
70 30.3857  2009   9  29   66172.00  18  22   52.00   6.23  0.208  0.247   3135  50672s    35.665  -120.235  25.00    30
75 34.6836  2009   9  29   66210.45  18  23   30.45   5.01  0.167  0.155   3135  50672s    35.665  -120.235  25.00    30
75 34.6836  2009   9  29   66218.50  18  23   38.50   7.15  0.238  0.235   3135  50672s    35.665  -120.235  25.00    30
75 34.6836  2009   9  29   66235.45  18  23   55.45   6.17  0.206  0.191   3135  50672s    35.665  -120.235  25.00    30
75 34.6836  2009   9  29   66244.75  18  24    4.75   4.96  0.165  0.149   3135  61095s    35.635  -120.205  24.50    30
75 34.6836  2009   9  29   66252.40  18  24   12.40   8.19  0.273  0.282   3135  61095s    35.635  -120.205  24.50    30
75 34.6836  2009   9  29   66259.45  18  24   19.45   5.83  0.194  0.193   3135  61095s    35.635  -120.205  24.50    30
77 35.9793  2009   9  29   66277.30  18  24   37.30   9.03  0.301  0.366   3135  61095s    35.635  -120.205  24.50    30
77 35.9793  2009   9  29   66303.00  18  25    3.00   6.39  0.213  0.190   3135  61095s    35.635  -120.205  24.50    30
82 38.5554  2009   9  29   66316.90  18  25   16.90   9.52  0.317  0.396   3135  61095s    35.635  -120.205  24.50    30
82 38.5554  2009   9  29   66372.15  18  26   12.15   6.26  0.209  0.179   3135  33845s    35.630  -120.190  25.00    30
82 38.5554  2009   9  29   66381.05  18  26   21.05   5.17  0.172  0.186   3135  33845s    35.630  -120.190  25.00    30
82 38.5554  2009   9  29   66410.05  18  26   50.05   5.33  0.178  0.182   3135  40453s    35.610  -120.175  26.00    30
82 38.5554  2009   9  29   66448.05  18  27   28.05   4.90  0.163  0.160   3135  40453s    35.610  -120.175  26.00    30
82 38.5554  2009   9  29   66483.65  18  28    3.65   6.78  0.226  0.232   3135  40453s    35.610  -120.175  26.00    30
82 38.5554  2009   9  29   66517.65  18  28   37.65   6.38  0.213  0.209   3135  40453s    35.610  -120.175  26.00    30
82 38.5554  2009   9  29   66526.50  18  28   46.50   6.22  0.207  0.199   3135  40453s    35.610  -120.175  26.00    30
82 38.5554  2009   9  29   66537.65  18  28   57.65   6.63  0.229  0.230   3135  40453s    35.610  -120.175  26.00    29
82 38.5554  2009   9  29   66565.95  18  29   25.95   5.31  0.177  0.163   3135  40453s    35.610  -120.175  26.00    30
82 38.5554  2009   9  29   66575.20  18  29   35.20  11.80  0.393  0.478   3135  40453s    35.610  -120.175  26.00    30
82 38.5554  2009   9  29   66583.20  18  29   43.20   5.46  0.182  0.185   3135  40453s    35.610  -120.175  26.00    30
62 24.8089  2009   9  29   66589.90  18  29   49.90   5.03  0.168  0.171   3135  40453s    35.610  -120.175  26.00    30
62 24.8089  2009   9  29   66599.30  18  29   59.30   7.73  0.258  0.267   3135  40453s    35.610  -120.175  26.00    30
66 28.2679  2009   9  29   66616.60  18  30   16.60   6.36  0.212  0.218   3135  40453s    35.610  -120.175  26.00    30
8 -47.8456  2009   9  29   66778.70  18  32   58.70   4.98  0.166  0.168   3135  46177s    35.710  -120.265  23.00    30
  2009   9  29   66844.55  18  34    4.55   5.37  0.179  0.164   3135  46177s    35.710  -120.265  23.00    30
  2009   9  29   69799.60  19  23   19.60   7.47  0.249  0.280   3135  19165s    35.700  -120.220  27.50    30
  2009   9  29   70597.40  19  36   37.40   4.89  0.163  0.145   3135  24047ss   36.220  -120.770  24.75    30
  2009   9  29   76284.95  21  11   24.95   5.58  0.186  0.212   3135  31014sss  36.020  -120.565  18.00    30
  2009   9  29   76289.70  21  11   29.70   4.98  0.166  0.148   3135  31014sss  36.020  -120.565  18.00    30
  2009   9  29   76375.75  21  12   55.75   5.04  0.168  0.155   3135  31014sss  36.020  -120.565  18.00    30
  2009   9  29   80949.00  22  29    9.00   4.89  0.163  0.143   3135  21253sss  36.005  -120.575  17.50    30
  2009   9  29   83200.95  23   6   40.95   4.93  0.164  0.191   3135  40092ss   35.575  -120.110  26.75    30
  2009   9  29   83347.40  23   9    7.40   6.70  0.223  0.237   3135  40092ss   35.575  -120.110  26.75    30
  2009   9  29   83430.90  23  10   30.90   4.87  0.162  0.148   3135  40092ss   35.575  -120.110  26.75    30
  2009   9  29   83438.65  23  10   38.65   7.22  0.249  0.269   3135  40092ss   35.575  -120.110  26.75    29
  2009   9  29   83459.35  23  10   59.35   9.07  0.302  0.321   3135  40092ss   35.575  -120.110  26.75    30
